0   200
-2.454307657    199.9849404
-4.908245705    199.9397637
-7.361444588    199.8644769
-9.813534865    199.7590912
-12.26414726    199.6236226
-14.71291272    199.4580913
-17.15946247    199.2625224
-19.60342807    199.0369453
-22.04444146    198.781394
-24.48213504    198.4959069
-26.9161417 198.1805271
-29.34609489    197.835302
-31.77162867    197.4602836
-34.19237775    197.0555285
-36.60797759    196.6210975
-39.0180644 196.1570561
-41.42227524    195.6634741
-43.82024803    195.140426
-46.21162166    194.5879904
-48.59603598    194.0062506
-50.97313192    193.3952942
-53.34255149    192.7552132
-55.70393788    192.0861039
-58.05693545    191.3880671
-60.40118986    190.6612081
-62.73634808    189.9056361
-65.06205843    189.1214651
-67.37797068    188.308813
-69.68373605    187.4678024
-71.97900731    186.5985598
-74.26343879    185.7012161
-76.53668647    184.7759065
-78.79840801    183.8227703
-81.0482628 182.8419511
-83.28591202    181.8335966
-85.51101869    180.7978586
-87.72324771    179.7348931
-89.92226593    178.6448602
-92.10774219    177.5279241
-94.27934737    176.3842529
-96.43675442    175.2140188
-98.57963845    174.0173982
-100.7076767    172.7945712
-102.8205488    171.545722
-104.9179365    170.2710386
-106.999524 168.970713
-109.0649977    167.6449411
-111.1140466    166.2939225
-113.1463622    164.9178606
-115.1616383    163.5169626
-117.1595715    162.0914397
-119.1398609    160.6415063
-121.1022083    159.1673809
-123.0463181    157.6692855
-124.9718976    156.1474457
-126.8786568    154.6020907
-128.7663086    153.0334531
-130.6345686    151.4417693
-132.4831555    149.8272789
-134.311791 148.1902251
-136.1201996    146.5308543
-137.9081089    144.8494166
-139.6752499    143.1461651
-141.4213562    141.4213562
-143.1461651    139.6752499
-144.8494166    137.9081089
-146.5308543    136.1201996
-148.1902251    134.311791
-149.8272789    132.4831555
-151.4417693    130.6345686
-153.0334531    128.7663086
-154.6020907    126.8786568
-156.1474457    124.9718976
-157.6692855    123.0463181
-159.1673809    121.1022083
-160.6415063    119.1398609
-162.0914397    117.1595715
-163.5169626    115.1616383
-164.9178606    113.1463622
-166.2939225    111.1140466
-167.6449411    109.0649977
-168.970713 106.999524
-170.2710386    104.9179365
-171.545722 102.8205488
-172.7945712    100.7076767
-174.0173982    98.57963845
-175.2140188    96.43675442
-176.3842529    94.27934737
-177.5279241    92.10774219
-178.6448602    89.92226593
-179.7348931    87.72324771
-180.7978586    85.51101869
-181.8335966    83.28591202
-182.8419511    81.0482628
-183.8227703    78.79840801
-184.7759065    76.53668647
-185.7012161    74.26343879
-186.5985598    71.97900731
-187.4678024    69.68373605
-188.308813 67.37797068
-189.1214651    65.06205843
-189.9056361    62.73634808
-190.6612081    60.40118986
-191.3880671    58.05693545
-192.0861039    55.70393788
-192.7552132    53.34255149
-193.3952942    50.97313192
-194.0062506    48.59603598
-194.5879904    46.21162166
-195.140426 43.82024803
-195.6634741    41.42227524
-196.1570561    39.0180644
-196.6210975    36.60797759
-197.0555285    34.19237775
-197.4602836    31.77162867
-197.835302 29.34609489
-198.1805271    26.9161417
-198.4959069    24.48213504
-198.781394 22.04444146
-199.0369453    19.60342807
-199.2625224    17.15946247
-199.4580913    14.71291272
-199.6236226    12.26414726
-199.7590912    9.813534865
-199.8644769    7.361444588
-199.9397637    4.908245705
-199.9849404    2.454307657
-200    -6.8604E-13
-199.9849404    -2.454307657
-199.9397637    -4.908245705
-199.8644769    -7.361444588
-199.7590912    -9.813534865
-199.6236226    -12.26414726
-199.4580913    -14.71291272
-199.2625224    -17.15946247
-199.0369453    -19.60342807
-198.781394 -22.04444146
-198.4959069    -24.48213504
-198.1805271    -26.9161417
-197.835302 -29.34609489
-197.4602836    -31.77162867
-197.0555285    -34.19237775
-196.6210975    -36.60797759
-196.1570561    -39.0180644
-195.6634741    -41.42227524
-195.140426 -43.82024803
-194.5879904    -46.21162166
-194.0062506    -48.59603598
-193.3952942    -50.97313192
-192.7552132    -53.34255149
-192.0861039    -55.70393788
-191.3880671    -58.05693545
-190.6612081    -60.40118986
-189.9056361    -62.73634808
-189.1214651    -65.06205843
-188.308813 -67.37797068
-187.4678024    -69.68373605
-186.5985598    -71.97900731
-185.7012161    -74.26343879
-184.7759065    -76.53668647
-183.8227703    -78.79840801
-182.8419511    -81.0482628
-181.8335966    -83.28591202
-180.7978586    -85.51101869
-179.7348931    -87.72324771
-178.6448602    -89.92226593
-177.5279241    -92.10774219
-176.3842529    -94.27934737
-175.2140188    -96.43675442
-174.0173982    -98.57963845
-172.7945712    -100.7076767
-171.545722 -102.8205488
-170.2710386    -104.9179365
-168.970713 -106.999524
-167.6449411    -109.0649977
-166.2939225    -111.1140466
-164.9178606    -113.1463622
-163.5169626    -115.1616383
-162.0914397    -117.1595715
-160.6415063    -119.1398609
-159.1673809    -121.1022083
-157.6692855    -123.0463181
-156.1474457    -124.9718976
-154.6020907    -126.8786568
-153.0334531    -128.7663086
-151.4417693    -130.6345686
-149.8272789    -132.4831555
-148.1902251    -134.311791
-146.5308543    -136.1201996
-144.8494166    -137.9081089
-143.1461651    -139.6752499
-141.4213562    -141.4213562
-139.6752499    -143.1461651
-137.9081089    -144.8494166
-136.1201996    -146.5308543
-134.311791 -148.1902251
-132.4831555    -149.8272789
-130.6345686    -151.4417693
-128.7663086    -153.0334531
-126.8786568    -154.6020907
-124.9718976    -156.1474457
-123.0463181    -157.6692855
-121.1022083    -159.1673809
-119.1398609    -160.6415063
-117.1595715    -162.0914397
-115.1616383    -163.5169626
-113.1463622    -164.9178606
-111.1140466    -166.2939225
-109.0649977    -167.6449411
-106.999524 -168.970713
-104.9179365    -170.2710386
-102.8205488    -171.545722
-100.7076767    -172.7945712
-98.57963845    -174.0173982
-96.43675442    -175.2140188
-94.27934737    -176.3842529
-92.10774219    -177.5279241
-89.92226593    -178.6448602
-87.72324771    -179.7348931
-85.51101869    -180.7978586
-83.28591202    -181.8335966
-81.0482628 -182.8419511
-78.79840801    -183.8227703
-76.53668647    -184.7759065
-74.26343879    -185.7012161
-71.97900731    -186.5985598
-69.68373605    -187.4678024
-67.37797068    -188.308813
-65.06205843    -189.1214651
-62.73634808    -189.9056361
-60.40118986    -190.6612081
-58.05693545    -191.3880671
-55.70393788    -192.0861039
-53.34255149    -192.7552132
-50.97313192    -193.3952942
-48.59603598    -194.0062506
-46.21162166    -194.5879904
-43.82024803    -195.140426
-41.42227524    -195.6634741
-39.0180644 -196.1570561
-36.60797759    -196.6210975
-34.19237775    -197.0555285
-31.77162867    -197.4602836
-29.34609489    -197.835302
-26.9161417 -198.1805271
-24.48213504    -198.4959069
-22.04444146    -198.781394
-19.60342807    -199.0369453
-17.15946247    -199.2625224
-14.71291272    -199.4580913
-12.26414726    -199.6236226
-9.813534865    -199.7590912
-7.361444588    -199.8644769
-4.908245705    -199.9397637
-2.454307657    -199.9849404
-7.47297E-13    -200
2.454307657 -199.9849404
4.908245705 -199.9397637
7.361444588 -199.8644769
9.813534865 -199.7590912
12.26414726 -199.6236226
14.71291272 -199.4580913
17.15946247 -199.2625224
19.60342807 -199.0369453
22.04444146 -198.781394
24.48213504 -198.4959069
26.9161417  -198.1805271
29.34609489 -197.835302
31.77162867 -197.4602836
34.19237775 -197.0555285
36.60797759 -196.6210975
39.0180644  -196.1570561
41.42227524 -195.6634741
43.82024803 -195.140426
46.21162166 -194.5879904
48.59603598 -194.0062506
50.97313192 -193.3952942
53.34255149 -192.7552132
55.70393788 -192.0861039
58.05693545 -191.3880671
60.40118986 -190.6612081
62.73634808 -189.9056361
65.06205843 -189.1214651
67.37797068 -188.308813
69.68373605 -187.4678024
71.97900731 -186.5985598
74.26343879 -185.7012161
76.53668647 -184.7759065
78.79840801 -183.8227703
81.0482628  -182.8419511
83.28591202 -181.8335966
85.51101869 -180.7978586
87.72324771 -179.7348931
89.92226593 -178.6448602
92.10774219 -177.5279241
94.27934737 -176.3842529
96.43675442 -175.2140188
98.57963845 -174.0173982
100.7076767 -172.7945712
102.8205488 -171.545722
104.9179365 -170.2710386
106.999524  -168.970713
109.0649977 -167.6449411
111.1140466 -166.2939225
113.1463622 -164.9178606
115.1616383 -163.5169626
117.1595715 -162.0914397
119.1398609 -160.6415063
121.1022083 -159.1673809
123.0463181 -157.6692855
124.9718976 -156.1474457
126.8786568 -154.6020907
128.7663086 -153.0334531
130.6345686 -151.4417693
132.4831555 -149.8272789
134.311791  -148.1902251
136.1201996 -146.5308543
137.9081089 -144.8494166
139.6752499 -143.1461651
141.4213562 -141.4213562
143.1461651 -139.6752499
144.8494166 -137.9081089
146.5308543 -136.1201996
148.1902251 -134.311791
149.8272789 -132.4831555
151.4417693 -130.6345686
153.0334531 -128.7663086
154.6020907 -126.8786568
156.1474457 -124.9718976
157.6692855 -123.0463181
159.1673809 -121.1022083
160.6415063 -119.1398609
162.0914397 -117.1595715
163.5169626 -115.1616383
164.9178606 -113.1463622
166.2939225 -111.1140466
167.6449411 -109.0649977
168.970713  -106.999524
170.2710386 -104.9179365
171.545722  -102.8205488
172.7945712 -100.7076767
174.0173982 -98.57963845
175.2140188 -96.43675442
176.3842529 -94.27934737
177.5279241 -92.10774219
178.6448602 -89.92226593
179.7348931 -87.72324771
180.7978586 -85.51101869
181.8335966 -83.28591202
182.8419511 -81.0482628
183.8227703 -78.79840801
184.7759065 -76.53668647
185.7012161 -74.26343879
186.5985598 -71.97900731
187.4678024 -69.68373605
188.308813  -67.37797068
189.1214651 -65.06205843
189.9056361 -62.73634808
190.6612081 -60.40118986
191.3880671 -58.05693545
192.0861039 -55.70393788
192.7552132 -53.34255149
193.3952942 -50.97313192
194.0062506 -48.59603598
194.5879904 -46.21162166
195.140426  -43.82024803
195.6634741 -41.42227524
196.1570561 -39.0180644
196.6210975 -36.60797759
197.0555285 -34.19237775
197.4602836 -31.77162867
197.835302  -29.34609489
198.1805271 -26.9161417
198.4959069 -24.48213504
198.781394  -22.04444146
199.0369453 -19.60342807
199.2625224 -17.15946247
199.4580913 -14.71291272
199.6236226 -12.26414726
199.7590912 -9.813534865
199.8644769 -7.361444588
199.9397637 -4.908245705
199.9849404 -2.454307657
200 -4.90059E-14
199.9849404 2.454307657
199.9397637 4.908245705
199.8644769 7.361444588
199.7590912 9.813534865
199.6236226 12.26414726
199.4580913 14.71291272
199.2625224 17.15946247
199.0369453 19.60342807
198.781394  22.04444146
198.4959069 24.48213504
198.1805271 26.9161417
197.835302  29.34609489
197.4602836 31.77162867
197.0555285 34.19237775
196.6210975 36.60797759
196.1570561 39.0180644
195.6634741 41.42227524
195.140426  43.82024803
194.5879904 46.21162166
194.0062506 48.59603598
193.3952942 50.97313192
192.7552132 53.34255149
192.0861039 55.70393788
191.3880671 58.05693545
190.6612081 60.40118986
189.9056361 62.73634808
189.1214651 65.06205843
188.308813  67.37797068
187.4678024 69.68373605
186.5985598 71.97900731
185.7012161 74.26343879
184.7759065 76.53668647
183.8227703 78.79840801
182.8419511 81.0482628
181.8335966 83.28591202
180.7978586 85.51101869
179.7348931 87.72324771
178.6448602 89.92226593
177.5279241 92.10774219
176.3842529 94.27934737
175.2140188 96.43675442
174.0173982 98.57963845
172.7945712 100.7076767
171.545722  102.8205488
170.2710386 104.9179365
168.970713  106.999524
167.6449411 109.0649977
166.2939225 111.1140466
164.9178606 113.1463622
163.5169626 115.1616383
162.0914397 117.1595715
160.6415063 119.1398609
159.1673809 121.1022083
157.6692855 123.0463181
156.1474457 124.9718976
154.6020907 126.8786568
153.0334531 128.7663086
151.4417693 130.6345686
149.8272789 132.4831555
148.1902251 134.311791
146.5308543 136.1201996
144.8494166 137.9081089
143.1461651 139.6752499
141.4213562 141.4213562
139.6752499 143.1461651
137.9081089 144.8494166
136.1201996 146.5308543
134.311791  148.1902251
132.4831555 149.8272789
130.6345686 151.4417693
128.7663086 153.0334531
126.8786568 154.6020907
124.9718976 156.1474457
123.0463181 157.6692855
121.1022083 159.1673809
119.1398609 160.6415063
117.1595715 162.0914397
115.1616383 163.5169626
113.1463622 164.9178606
111.1140466 166.2939225
109.0649977 167.6449411
106.999524  168.970713
104.9179365 170.2710386
102.8205488 171.545722
100.7076767 172.7945712
98.57963845 174.0173982
96.43675442 175.2140188
94.27934737 176.3842529
92.10774219 177.5279241
89.92226593 178.6448602
87.72324771 179.7348931
85.51101869 180.7978586
83.28591202 181.8335966
81.0482628  182.8419511
78.79840801 183.8227703
76.53668647 184.7759065
74.26343879 185.7012161
71.97900731 186.5985598
69.68373605 187.4678024
67.37797068 188.308813
65.06205843 189.1214651
62.73634808 189.9056361
60.40118986 190.6612081
58.05693545 191.3880671
55.70393788 192.0861039
53.34255149 192.7552132
50.97313192 193.3952942
48.59603598 194.0062506
46.21162166 194.5879904
43.82024803 195.140426
41.42227524 195.6634741
39.0180644  196.1570561
36.60797759 196.6210975
34.19237775 197.0555285
31.77162867 197.4602836
29.34609489 197.835302
26.9161417  198.1805271
24.48213504 198.4959069
22.04444146 198.781394
19.60342807 199.0369453
17.15946247 199.2625224
14.71291272 199.4580913
12.26414726 199.6236226
9.813534865 199.7590912
7.361444588 199.8644769
4.908245705 199.9397637
2.454307657 199.9849404
-6.49285E-13    200
