0   200
5   200
10  200
15  200
20  200
25  200
30  200
35  200
40  200
45  200
50  200
55  200
60  200
65  200
70  200
75  200
80  200
85  200
90  200
95  200
100 200
105 200
110 200
115 200
120 200
125 200
130 200
135 200
140 200
145 200
150 200
155 200
160 200
165 200
170 200
175 200
180 200
185 200
190 200
195 200
200 200
205 200
210 200
215 200
220 200
225 200
230 200
235 200
240 200
245 200
250 200
255 200
260 200
265 200
270 200
275 200
280 200
285 200
290 200
295 200
300 200
305 200
310 200
315 200
320 200
325 200
330 200
335 200
340 200
345 200
350 200
355 200
360 200
365 200
370 200
375 200
380 200
385 200
390 200
395 200
400 200
405 200
410 200
415 200
420 200
425 200
430 200
435 200
440 200
445 200
450 200
455 200
460 200
465 200
470 200
475 200
480 200
485 200
490 200
495 200
500 200
500 195
500 190
500 185
500 180
500 175
500 170
500 165
500 160
500 155
500 150
500 145
500 140
500 135
500 130
500 125
500 120
500 115
500 110
500 105
500 100
500 95
500 90
500 85
500 80
500 75
500 70
500 65
500 60
500 55
500 50
500 45
500 40
500 35
500 30
500 25
500 20
500 15
500 10
500 5
500 0
500 -5
500 -10
500 -15
500 -20
500 -25
500 -30
500 -35
500 -40
500 -45
500 -50
500 -55
500 -60
500 -65
500 -70
500 -75
500 -80
500 -85
500 -90
500 -95
500 -100
500 -105
500 -110
500 -115
500 -120
500 -125
500 -130
500 -135
500 -140
500 -145
500 -150
500 -155
500 -160
500 -165
500 -170
500 -175
500 -180
500 -185
500 -190
500 -195
500 -200
495 -200
490 -200
485 -200
480 -200
475 -200
470 -200
465 -200
460 -200
455 -200
450 -200
445 -200
440 -200
435 -200
430 -200
425 -200
420 -200
415 -200
410 -200
405 -200
400 -200
395 -200
390 -200
385 -200
380 -200
375 -200
370 -200
365 -200
360 -200
355 -200
350 -200
345 -200
340 -200
335 -200
330 -200
325 -200
320 -200
315 -200
310 -200
305 -200
300 -200
295 -200
290 -200
285 -200
280 -200
275 -200
270 -200
265 -200
260 -200
255 -200
250 -200
245 -200
240 -200
235 -200
230 -200
225 -200
220 -200
215 -200
210 -200
205 -200
200 -200
195 -200
190 -200
185 -200
180 -200
175 -200
170 -200
165 -200
160 -200
155 -200
150 -200
145 -200
140 -200
135 -200
130 -200
125 -200
120 -200
115 -200
110 -200
105 -200
100 -200
95  -200
90  -200
85  -200
80  -200
75  -200
70  -200
65  -200
60  -200
55  -200
50  -200
45  -200
40  -200
35  -200
30  -200
25  -200
20  -200
15  -200
10  -200
5   -200
0   -200
-5  -200
-10 -200
-15 -200
-20 -200
-25 -200
-30 -200
-35 -200
-40 -200
-45 -200
-50 -200
-55 -200
-60 -200
-65 -200
-70 -200
-75 -200
-80 -200
-85 -200
-90 -200
-95 -200
-100    -200
-105    -200
-110    -200
-115    -200
-120    -200
-125    -200
-130    -200
-135    -200
-140    -200
-145    -200
-150    -200
-155    -200
-160    -200
-165    -200
-170    -200
-175    -200
-180    -200
-185    -200
-190    -200
-195    -200
-200    -200
-205    -200
-210    -200
-215    -200
-220    -200
-225    -200
-230    -200
-235    -200
-240    -200
-245    -200
-250    -200
-255    -200
-260    -200
-265    -200
-270    -200
-275    -200
-280    -200
-285    -200
-290    -200
-295    -200
-300    -200
-305    -200
-310    -200
-315    -200
-320    -200
-325    -200
-330    -200
-335    -200
-340    -200
-345    -200
-350    -200
-355    -200
-360    -200
-365    -200
-370    -200
-375    -200
-380    -200
-385    -200
-390    -200
-395    -200
-400    -200
-405    -200
-410    -200
-415    -200
-420    -200
-425    -200
-430    -200
-435    -200
-440    -200
-445    -200
-450    -200
-455    -200
-460    -200
-465    -200
-470    -200
-475    -200
-480    -200
-485    -200
-490    -200
-495    -200
-500    -200
-500    -195
-500    -190
-500    -185
-500    -180
-500    -175
-500    -170
-500    -165
-500    -160
-500    -155
-500    -150
-500    -145
-500    -140
-500    -135
-500    -130
-500    -125
-500    -120
-500    -115
-500    -110
-500    -105
-500    -100
-500    -95
-500    -90
-500    -85
-500    -80
-500    -75
-500    -70
-500    -65
-500    -60
-500    -55
-500    -50
-500    -45
-500    -40
-500    -35
-500    -30
-500    -25
-500    -20
-500    -15
-500    -10
-500    -5
-500    0
-500    5
-500    10
-500    15
-500    20
-500    25
-500    30
-500    35
-500    40
-500    45
-500    50
-500    55
-500    60
-500    65
-500    70
-500    75
-500    80
-500    85
-500    90
-500    95
-500    100
-500    105
-500    110
-500    115
-500    120
-500    125
-500    130
-500    135
-500    140
-500    145
-500    150
-500    155
-500    160
-500    165
-500    170
-500    175
-500    180
-500    185
-500    190
-500    195
-500    200
-495    200
-490    200
-485    200
-480    200
-475    200
-470    200
-465    200
-460    200
-455    200
-450    200
-445    200
-440    200
-435    200
-430    200
-425    200
-420    200
-415    200
-410    200
-405    200
-400    200
-395    200
-390    200
-385    200
-380    200
-375    200
-370    200
-365    200
-360    200
-355    200
-350    200
-345    200
-340    200
-335    200
-330    200
-325    200
-320    200
-315    200
-310    200
-305    200
-300    200
-295    200
-290    200
-285    200
-280    200
-275    200
-270    200
-265    200
-260    200
-255    200
-250    200
-245    200
-240    200
-235    200
-230    200
-225    200
-220    200
-215    200
-210    200
-205    200
-200    200
-195    200
-190    200
-185    200
-180    200
-175    200
-170    200
-165    200
-160    200
-155    200
-150    200
-145    200
-140    200
-135    200
-130    200
-125    200
-120    200
-115    200
-110    200
-105    200
-100    200
-95 200
-90 200
-85 200
-80 200
-75 200
-70 200
-65 200
-60 200
-55 200
-50 200
-45 200
-40 200
-35 200
-30 200
-25 200
-20 200
-15 200
-10 200
-5  200
0   200